0 0.532546 0.309509 0.111714 0.049748
0 0.552524 0.395151 0.133730 0.049748
0 0.547632 0.654597 0.120684 0.035894
0 0.550078 0.740869 0.123945 0.034635
0 0.546001 0.216310 0.123945 0.037154
0 0.537439 0.142632 0.100298 0.063602
2 0.389846 0.143577 0.144331 0.044081
3 0.201482 0.137280 0.111714 0.074307
2 0.388215 0.218199 0.129653 0.034635
3 0.210452 0.220718 0.116606 0.069899
4 0.705010 0.143577 0.151670 0.039043
5 0.804900 0.141688 0.020386 0.013854
3 0.227092 0.306556 0.161070 0.088275
5 0.830846 0.302945 0.023901 0.013643
5 0.767457 0.401252 0.017666 0.012840
4 0.692637 0.213466 0.117426 0.080250
4 0.710303 0.308964 0.175619 0.060990
4 0.687441 0.402054 0.104956 0.022470
5 0.796310 0.215005 0.023298 0.014394
3 0.214443 0.384131 0.124644 0.059374
2 0.354813 0.406621 0.065234 0.048579
3 0.222597 0.662558 0.089697 0.063872
2 0.367045 0.654912 0.087367 0.048579
4 0.688557 0.655811 0.124644 0.053976
5 0.768935 0.653562 0.026793 0.013494
5 0.827180 0.739475 0.029122 0.014394
4 0.721756 0.743073 0.193373 0.052177
2 0.388595 0.740374 0.139788 0.075567
3 0.234246 0.750720 0.117655 0.065671