3 0.201234 0.136860 0.094590 0.075567
2 0.352360 0.135600 0.061973 0.039463
0 0.520338 0.140638 0.123945 0.054576
0 0.511641 0.223762 0.100026 0.068010
0 0.518708 0.319060 0.111986 0.060453
0 0.524687 0.409320 0.130469 0.044500
0 0.536103 0.656171 0.148952 0.039463
0 0.526318 0.733837 0.140254 0.036944
3 0.205039 0.220403 0.113073 0.078086
3 0.360514 0.225441 0.082630 0.041142
4 0.671465 0.222922 0.091328 0.068010
4 0.701364 0.314861 0.155475 0.073887
4 0.668203 0.133501 0.080456 0.055416
4 0.668203 0.407641 0.082630 0.052897
4 0.699733 0.657851 0.136992 0.057935
4 0.687773 0.734677 0.119596 0.031906
5 0.742679 0.133501 0.031530 0.020151
5 0.741048 0.225441 0.019570 0.012594
5 0.809544 0.312762 0.026094 0.015953
5 0.741048 0.406381 0.023919 0.018472
5 0.790517 0.656591 0.027181 0.020151
5 0.770947 0.735516 0.025007 0.011755
3 0.219173 0.308564 0.160911 0.081444
2 0.370843 0.312343 0.107637 0.063812
3 0.204495 0.403442 0.142428 0.093199
2 0.348011 0.407641 0.059798 0.039463
3 0.233851 0.663728 0.120684 0.056255
3 0.220260 0.737615 0.139167 0.071369
2 0.368669 0.655751 0.105462 0.048699
2 0.361602 0.737196 0.084805 0.038623