3 0.205475 0.139326 0.110083 0.073992
3 0.216687 0.219222 0.073389 0.059037
3 0.230957 0.295183 0.108044 0.067695
3 0.216177 0.381376 0.127411 0.082651
3 0.218726 0.675378 0.089697 0.055101
3 0.225861 0.747402 0.108044 0.055888
2 0.356839 0.142868 0.072369 0.033848
2 0.365503 0.209383 0.085620 0.040932
2 0.362445 0.285737 0.083582 0.039358
2 0.365503 0.381770 0.089697 0.042506
2 0.366522 0.665932 0.093774 0.036209
2 0.357349 0.736382 0.067273 0.044868
0 0.527570 0.141688 0.136584 0.044081
0 0.529098 0.210564 0.151874 0.043293
0 0.536233 0.285343 0.149835 0.041719
0 0.525531 0.382950 0.126392 0.040145
0 0.518396 0.665932 0.116199 0.066121
0 0.517377 0.734808 0.128430 0.041719
4 0.664664 0.142081 0.086639 0.049591
4 0.679443 0.210957 0.103967 0.053526
4 0.691165 0.283769 0.153912 0.066908
4 0.674856 0.383344 0.127411 0.059824
4 0.684540 0.666719 0.114160 0.056675
4 0.671799 0.737957 0.096832 0.052739
5 0.745697 0.737563 0.020386 0.007872
5 0.761496 0.666719 0.019366 0.007872
5 0.757419 0.381376 0.019366 0.008659
5 0.786978 0.284556 0.023444 0.010233
5 0.743149 0.212138 0.021405 0.016530
5 0.732956 0.141294 0.027521 0.008659