6 0.320728 0.261335 0.158514 0.069270
6 0.463202 0.265113 0.084918 0.054156
6 0.584918 0.265113 0.113224 0.059194
6 0.717013 0.264484 0.090579 0.057935
0 0.585862 0.589421 0.224562 0.083123
0 0.586805 0.733627 0.226449 0.076826
4 0.779287 0.591310 0.173611 0.099496
4 0.806649 0.736776 0.198143 0.115869
5 0.800044 0.806675 0.052838 0.011335
5 0.773625 0.651134 0.049064 0.017632
2 0.366961 0.588161 0.149079 0.090680
2 0.380171 0.736146 0.167949 0.129723
3 0.192407 0.748741 0.147192 0.134761
3 0.221657 0.614610 0.096241 0.093199
1 0.583975 0.837531 0.156627 0.113350
6 0.490565 0.590050 0.773700 0.142317
6 0.506605 0.789673 0.824650 0.236776