0 0.692481 0.433249 0.324576 0.052897
3 0.223544 0.435139 0.167949 0.056675
4 0.374510 0.519521 0.254755 0.079345
5 0.526419 0.519521 0.056612 0.023929
5 0.827407 0.736776 0.050951 0.020151
3 0.195238 0.748111 0.149079 0.065491
2 0.371679 0.743073 0.120773 0.057935
0 0.547177 0.723552 0.211352 0.069270
2 0.420743 0.428841 0.166062 0.056675
4 0.730223 0.736776 0.128321 0.050378
6 0.484903 0.728589 0.766151 0.091940
6 0.486790 0.479219 0.713313 0.144836
1 0.244302 0.133501 0.111337 0.055416
1 0.381114 0.132242 0.113224 0.045340
1 0.569822 0.134761 0.173611 0.062972
1 0.732110 0.134131 0.139643 0.051637