0 0.325446 0.307935 0.281174 0.091940
0 0.486790 0.170655 0.260416 0.164987
0 0.548120 0.633501 0.201917 0.075567
0 0.546233 0.771411 0.224562 0.069270
4 0.739658 0.632872 0.150966 0.059194
5 0.857600 0.630982 0.050951 0.017632
5 0.867036 0.772040 0.054725 0.017632
3 0.265060 0.158060 0.198143 0.089421
3 0.175424 0.642947 0.135869 0.076826
3 0.167875 0.772040 0.086805 0.047859
2 0.337712 0.769521 0.143417 0.060453
2 0.372623 0.633501 0.156627 0.042821
5 0.818915 0.315491 0.045290 0.031486
5 0.749094 0.773300 0.158514 0.047859
4 0.632095 0.321159 0.290609 0.068010
6 0.500944 0.637909 0.839747 0.089421
6 0.514153 0.778967 0.779361 0.086902
6 0.512266 0.221662 0.783135 0.277078