0 0.551605 0.130563 0.265448 0.088161
4 0.790005 0.153233 0.203804 0.066331
5 0.745344 0.211167 0.049064 0.019312
4 0.342769 0.276658 0.139643 0.099916
4 0.545314 0.277498 0.169836 0.096558
2 0.367930 0.158270 0.114482 0.056255
3 0.205012 0.167506 0.161030 0.062972
3 0.229544 0.658690 0.177385 0.069689
0 0.429574 0.638119 0.202546 0.092359
4 0.674264 0.650294 0.226449 0.088161
5 0.707603 0.738455 0.051580 0.020991
4 0.576137 0.740974 0.168578 0.039463
4 0.284269 0.746432 0.266706 0.080605
4 0.616394 0.846348 0.168578 0.112510
4 0.404413 0.847187 0.094354 0.077246
6 0.496226 0.681360 0.769925 0.198992
6 0.516040 0.160579 0.805780 0.119647