0 0.522473 0.610831 0.140662 0.061398
0 0.524002 0.672229 0.129449 0.056675
0 0.518906 0.735202 0.123334 0.053526
0 0.515848 0.794632 0.123334 0.051165
0 0.506164 0.853275 0.122314 0.051952
0 0.521963 0.912705 0.121295 0.046442
4 0.661606 0.603747 0.104987 0.040932
4 0.663644 0.664751 0.109064 0.032273
4 0.641220 0.724181 0.058099 0.022040
4 0.645807 0.789122 0.061157 0.010233
4 0.660586 0.849732 0.102948 0.044868
4 0.662625 0.903652 0.098871 0.047229
5 0.741110 0.606502 0.023444 0.021253
5 0.743658 0.665932 0.028540 0.012594
5 0.703906 0.728511 0.030579 0.019679
5 0.701358 0.785579 0.033636 0.012594
5 0.743149 0.847764 0.023444 0.017317
5 0.741110 0.906407 0.041791 0.014956
2 0.355820 0.610831 0.107025 0.044081
2 0.348175 0.665145 0.095813 0.044081
3 0.359387 0.725362 0.103967 0.033848
2 0.351743 0.787547 0.109064 0.022827
2 0.362445 0.846190 0.130469 0.048804
2 0.367032 0.911524 0.155951 0.053526
2 0.208023 0.607683 0.157989 0.059824
3 0.211081 0.663964 0.125372 0.046442
3 0.209042 0.728511 0.070331 0.011807
3 0.225351 0.793844 0.119257 0.040145
3 0.216177 0.844616 0.137604 0.062972
3 0.205475 0.906014 0.134546 0.034635