0 0.122047 0.153994 0.044619 0.019055
0 0.215223 0.147976 0.115486 0.063184
2 0.348425 0.132932 0.053806 0.043125
2 0.345144 0.164524 0.094488 0.018053
1 0.437664 0.150483 0.059055 0.044128
3 0.285433 0.154996 0.374016 0.085248
0 0.181759 0.223195 0.082677 0.033096
0 0.179134 0.261807 0.093176 0.026076
0 0.178478 0.306938 0.078740 0.026076
0 0.176509 0.353574 0.082677 0.035102
0 0.181759 0.400210 0.111549 0.026076
0 0.185039 0.446845 0.094488 0.037108
0 0.185039 0.488466 0.102362 0.030088
0 0.183727 0.530589 0.099738 0.030088
0 0.181759 0.578228 0.093176 0.035102
0 0.186352 0.619347 0.083990 0.025073
0 0.187664 0.668992 0.118110 0.044128
0 0.183071 0.739196 0.080052 0.028082
0 0.339895 0.221690 0.115486 0.034099
0 0.326115 0.263813 0.116798 0.034099
0 0.337270 0.307941 0.102362 0.036105
0 0.339239 0.356583 0.098425 0.049143
0 0.343176 0.402216 0.111549 0.038111
0 0.341864 0.449353 0.122047 0.042123
0 0.347769 0.490974 0.123360 0.031090
0 0.342520 0.533598 0.102362 0.032093
0 0.330052 0.574717 0.119423 0.034099
0 0.336614 0.619347 0.148294 0.037108
0 0.340551 0.666484 0.143045 0.057166
0 0.337270 0.719639 0.115486 0.031090
0 0.337927 0.754741 0.093176 0.035102
5 0.433071 0.227708 0.055118 0.022064
5 0.438320 0.265317 0.070866 0.023067
5 0.432415 0.303428 0.059055 0.019055
5 0.433071 0.324489 0.065617 0.021061
5 0.437664 0.355078 0.043307 0.022064
5 0.439633 0.410239 0.057743 0.030088
5 0.435696 0.447848 0.057743 0.027079
5 0.436352 0.497493 0.064304 0.020058
5 0.438976 0.580233 0.061680 0.011032
5 0.435039 0.627872 0.066929 0.016047
5 0.435696 0.674006 0.052493 0.018053
5 0.432415 0.745715 0.080052 0.025073
0 0.543963 0.138950 0.056430 0.057166
0 0.623360 0.133935 0.086614 0.053155
2 0.729003 0.117889 0.095801 0.035102
2 0.732283 0.145970 0.089239 0.021061
1 0.841864 0.137445 0.127297 0.044128
3 0.712598 0.139451 0.391076 0.088257
0 0.570210 0.229212 0.077428 0.065190
1 0.671260 0.226705 0.069554 0.066193
0 0.763123 0.212664 0.051181 0.046134
0 0.822178 0.211160 0.059055 0.041120
0 0.881234 0.210157 0.051181 0.041120
5 0.760499 0.245259 0.056430 0.021061
5 0.820866 0.241749 0.053806 0.022064
5 0.885171 0.242752 0.056430 0.014041