0 0.530184 0.365609 0.060367 0.043125
0 0.627297 0.369119 0.107612 0.058169
0 0.752625 0.313959 0.174541 0.076222
2 0.758530 0.377143 0.078740 0.016047
2 0.755906 0.357084 0.089239 0.024070
1 0.847769 0.375638 0.089239 0.057166
3 0.698163 0.377143 0.391076 0.054158
0 0.559055 0.569201 0.086614 0.049143
2 0.639108 0.560676 0.060367 0.026076
2 0.637139 0.592770 0.064304 0.028082
0 0.721785 0.568700 0.089239 0.054158
2 0.814304 0.553656 0.064304 0.040117
2 0.811024 0.585248 0.057743 0.023067
1 0.877297 0.567697 0.053806 0.048140
3 0.705381 0.572210 0.413386 0.063184
0 0.616142 0.649435 0.129921 0.063184