0 0.147215 0.123463 0.092838 0.034461
0 0.237401 0.121943 0.068966 0.037502
2 0.332891 0.108260 0.084881 0.024325
2 0.334881 0.136639 0.104775 0.032434
1 0.430371 0.123463 0.078249 0.034461
3 0.281167 0.124983 0.384615 0.053719
0 0.143899 0.183770 0.086207 0.047637
0 0.230769 0.183770 0.090186 0.047637
0 0.314987 0.184277 0.088859 0.054732
0 0.420424 0.185797 0.137931 0.061827
4 0.301061 0.304383 0.408488 0.161156
0 0.137268 0.600849 0.083554 0.042569
0 0.251326 0.602876 0.078249 0.050678
0 0.369363 0.604396 0.078249 0.037502
0 0.442308 0.603890 0.062334 0.032434
5 0.265915 0.638351 0.173740 0.016217
5 0.385279 0.635817 0.059682 0.015203
5 0.454244 0.637337 0.070292 0.018244
4 0.704244 0.366210 0.379310 0.499684