0 0.160477 0.184783 0.092838 0.067908
2 0.235411 0.183263 0.059682 0.038515
0 0.300398 0.186304 0.078249 0.056759
2 0.386605 0.181236 0.078249 0.058786
1 0.446286 0.184783 0.043767 0.061827
5 0.299735 0.221778 0.076923 0.020271
5 0.448276 0.222285 0.068966 0.021285
0 0.148541 0.121943 0.076923 0.017230
2 0.228117 0.121943 0.066313 0.023312
0 0.271220 0.121436 0.033156 0.034461
2 0.332891 0.119409 0.092838 0.046624
1 0.421751 0.115861 0.084881 0.019258
5 0.432361 0.135119 0.050398 0.019258
5 0.166446 0.133092 0.033156 0.019258
0 0.164456 0.355061 0.137931 0.063854
0 0.310345 0.355568 0.135279 0.064868
0 0.441645 0.357595 0.103448 0.058786
3 0.270557 0.186304 0.403183 0.087166
3 0.281830 0.121943 0.415119 0.049664
0 0.139257 0.709807 0.082228 0.025339
2 0.208223 0.705752 0.071618 0.024325
0 0.269231 0.702712 0.079576 0.016217
2 0.349469 0.705752 0.075597 0.022298
0 0.431698 0.732612 0.078249 0.069936
2 0.330902 0.756937 0.104775 0.039529
1 0.143899 0.751869 0.091512 0.035475
1 0.239390 0.755417 0.078249 0.032434
5 0.271220 0.721969 0.049072 0.024325
5 0.151857 0.775181 0.046419 0.021285
5 0.240716 0.779235 0.046419 0.021285
5 0.430371 0.777208 0.094164 0.021285
0 0.627321 0.339858 0.071618 0.016217
0 0.725464 0.335297 0.071618 0.015203
0 0.807692 0.337324 0.061008 0.015203
1 0.818966 0.366210 0.051724 0.022298
0 0.617374 0.372798 0.064987 0.029393
0 0.695623 0.430571 0.038462 0.015203
0 0.752653 0.433105 0.043767 0.012163
0 0.775199 0.388002 0.075597 0.015203
0 0.673740 0.390029 0.076923 0.017230