6 0.154613 0.450366 0.147009 0.052541
2 0.340487 0.443201 0.217979 0.047764
0 0.188408 0.519624 0.238256 0.059705
2 0.383576 0.504101 0.162217 0.047764
1 0.271206 0.581717 0.417371 0.064482
2 0.255999 0.705307 0.315985 0.077617
5 0.288104 0.815165 0.427509 0.139710
2 0.587192 0.231248 0.126732 0.039405
0 0.781514 0.240204 0.288949 0.050152
2 0.617607 0.289759 0.228118 0.048958
2 0.620142 0.508877 0.182494 0.045376
0 0.766306 0.530371 0.133491 0.019106
3 0.683086 0.525614 0.373606 0.055168
3 0.714684 0.265538 0.421933 0.112962
3 0.258364 0.517076 0.449814 0.198341