0 0.261152 0.578154 0.369888 0.060422
0 0.706320 0.366022 0.401487 0.069616
1 0.780669 0.434981 0.174721 0.057795
0 0.581784 0.531524 0.171004 0.048600
0 0.779740 0.526927 0.172862 0.055168
1 0.592007 0.619530 0.157993 0.040719
1 0.756506 0.619530 0.081784 0.035465
0 0.557621 0.718043 0.115242 0.045973
0 0.794610 0.718043 0.117100 0.043346
2 0.664498 0.700968 0.120818 0.035465
2 0.668216 0.743000 0.109665 0.038092
2 0.553903 0.774524 0.104089 0.022330
2 0.557621 0.804078 0.085502 0.028897
0 0.670074 0.784376 0.120818 0.034151
3 0.690520 0.745627 0.395911 0.140546
3 0.590149 0.582751 0.191450 0.145800
3 0.783457 0.576184 0.187732 0.148427
3 0.706320 0.398859 0.412639 0.164189