0 0.082228 0.515465 0.042440 0.038912
0 0.157162 0.518957 0.043767 0.055874
2 0.211538 0.509479 0.070292 0.028935
0 0.282493 0.526939 0.066313 0.073833
2 0.340849 0.517461 0.037135 0.014966
0 0.379973 0.520454 0.054377 0.062858
0 0.446950 0.516962 0.058355 0.077824
3 0.279841 0.523946 0.421751 0.081815
0 0.578249 0.238092 0.050398 0.020953
0 0.673740 0.248070 0.092838 0.042903
2 0.765252 0.240586 0.061008 0.037914
1 0.854775 0.239090 0.078249 0.024944
3 0.716844 0.246573 0.354111 0.047892
4 0.734085 0.449115 0.438992 0.319278