0 0.129973 0.115769 0.092838 0.033149
2 0.212865 0.109239 0.038462 0.018081
0 0.287798 0.115267 0.082228 0.034154
2 0.171751 0.144398 0.075597 0.022100
0 0.131300 0.182570 0.095491 0.032145
2 0.213528 0.184077 0.082228 0.033149
0 0.301724 0.181565 0.080902 0.034154
2 0.368037 0.175538 0.043767 0.016072
1 0.436340 0.183072 0.084881 0.031140
0 0.214191 0.637620 0.099469 0.064290
0 0.349469 0.636113 0.102122 0.083376
4 0.719496 0.320190 0.401857 0.337521
0 0.582891 0.124307 0.102122 0.022100
0 0.710212 0.125312 0.091512 0.022100
2 0.787798 0.118280 0.039788 0.018081
1 0.854775 0.125312 0.078249 0.016072
3 0.706897 0.125814 0.384615 0.033149