0 0.149204 0.128325 0.115385 0.018081
0 0.269231 0.124307 0.095491 0.022100
2 0.345491 0.116271 0.046419 0.020091
1 0.423740 0.124307 0.107427 0.018081
3 0.282493 0.122298 0.389920 0.024109
4 0.290451 0.260421 0.387268 0.215973
4 0.720822 0.709946 0.393899 0.287294
0 0.139257 0.723005 0.122016 0.038172
2 0.263263 0.712457 0.128647 0.043195
2 0.264589 0.770720 0.120690 0.047213
0 0.139920 0.772226 0.078249 0.020091
1 0.398541 0.741086 0.149867 0.034154
5 0.385942 0.708439 0.106101 0.027122
5 0.388594 0.769715 0.106101 0.019086
3 0.272546 0.743597 0.409814 0.103466
0 0.580239 0.537670 0.091512 0.025113
0 0.702255 0.538172 0.094164 0.038172
2 0.785809 0.533149 0.035809 0.020091
1 0.864721 0.538674 0.071618 0.033149
3 0.716180 0.542190 0.368700 0.044199