0 0.640584 0.339613 0.076923 0.037919
0 0.645889 0.376507 0.100796 0.031770
2 0.748674 0.343712 0.064987 0.027671
2 0.754642 0.365234 0.058355 0.013323
1 0.833554 0.342687 0.049072 0.023571
1 0.887931 0.341663 0.043767 0.031770
1 0.860080 0.376507 0.088859 0.025621
3 0.755305 0.356523 0.322281 0.071739
0 0.586870 0.587624 0.072944 0.031770
2 0.716180 0.564052 0.092838 0.031770
2 0.718170 0.628617 0.078249 0.048167
1 0.793767 0.565590 0.049072 0.026646
1 0.796419 0.616831 0.059682 0.030745
3 0.686340 0.596847 0.287798 0.101459
0 0.581565 0.705480 0.075597 0.037919
2 0.694297 0.703430 0.064987 0.039969
1 0.786472 0.705480 0.055703 0.023571
1 0.860080 0.707530 0.049072 0.029720
3 0.704907 0.713166 0.364721 0.063540
0 0.585544 0.781318 0.112732 0.027671
2 0.682361 0.773119 0.059682 0.025621
2 0.748674 0.772094 0.075597 0.019472
2 0.714854 0.792079 0.079576 0.018447
1 0.839523 0.780805 0.092838 0.028695
3 0.698939 0.779268 0.374005 0.039969