0 0.140584 0.310918 0.074271 0.021522
0 0.234748 0.315017 0.050398 0.017422
2 0.321618 0.315017 0.110080 0.062515
1 0.417772 0.312967 0.047745 0.019472
3 0.271883 0.316042 0.350133 0.058416
4 0.275199 0.423650 0.399204 0.150651
0 0.127321 0.800277 0.079576 0.047143
5 0.133289 0.831535 0.057029 0.015373
2 0.230769 0.803352 0.111406 0.061490
1 0.349469 0.799252 0.102122 0.049192
3 0.242706 0.805401 0.323607 0.065590
0 0.580902 0.121835 0.076923 0.020497
0 0.676393 0.120298 0.031830 0.019472
2 0.759284 0.121323 0.088859 0.058416
1 0.868037 0.121323 0.083554 0.019472
3 0.720822 0.121835 0.388594 0.057391
5 0.575597 0.194086 0.066313 0.011273
5 0.670424 0.192036 0.057029 0.015373
5 0.775862 0.193061 0.068966 0.013323
5 0.875332 0.193574 0.055703 0.014348
5 0.576260 0.237129 0.043767 0.013323
5 0.665782 0.235080 0.039788 0.015373
5 0.769894 0.237642 0.059682 0.010248
5 0.862732 0.236104 0.057029 0.011273
5 0.579576 0.289908 0.047745 0.018447
5 0.695623 0.290421 0.054377 0.015373
5 0.783156 0.291958 0.059682 0.014348
5 0.872016 0.292983 0.072944 0.012298
5 0.576923 0.347812 0.053050 0.015373
5 0.669761 0.348837 0.055703 0.011273
5 0.777851 0.348324 0.064987 0.010248
5 0.860743 0.349349 0.063660 0.010248
0 0.572281 0.173077 0.083554 0.022546
0 0.663130 0.175127 0.090186 0.024596
0 0.763263 0.174614 0.104775 0.031770
0 0.862732 0.179226 0.096817 0.043043
0 0.566313 0.216633 0.090186 0.029720
0 0.662467 0.217145 0.096817 0.030745
0 0.763926 0.218170 0.095491 0.028695
0 0.863395 0.218682 0.098143 0.027671
0 0.576260 0.271461 0.123342 0.028695
0 0.686340 0.272486 0.110080 0.026646
0 0.785146 0.263775 0.071618 0.039969
0 0.865385 0.261725 0.088859 0.035869
0 0.564324 0.319116 0.094164 0.042018
0 0.677056 0.326290 0.099469 0.035869
0 0.776525 0.320653 0.072944 0.026646
0 0.872679 0.323216 0.084881 0.029720
0 0.549072 0.809501 0.063660 0.016397
5 0.549072 0.826923 0.068966 0.012298
2 0.627321 0.806939 0.082228 0.091211
2 0.722149 0.801815 0.102122 0.091211
1 0.838859 0.809501 0.131300 0.043043
5 0.845491 0.845370 0.125995 0.028695
3 0.710212 0.803864 0.404509 0.093260