0 0.366711 0.078792 0.080902 0.016397
0 0.476790 0.079817 0.062334 0.016397
2 0.568302 0.082379 0.104775 0.033820
1 0.668435 0.078792 0.053050 0.020497
3 0.500000 0.088528 0.424403 0.050217
0 0.144562 0.136695 0.071618 0.029720
0 0.224801 0.138232 0.086207 0.032795
0 0.314987 0.138232 0.083554 0.026646
0 0.399867 0.136183 0.080902 0.028695
0 0.494032 0.134646 0.096817 0.025621
0 0.584881 0.137720 0.079576 0.025621
0 0.657162 0.139770 0.062334 0.027671
0 0.722149 0.136183 0.067639 0.040993
0 0.789788 0.136183 0.059682 0.022546
0 0.858753 0.137208 0.059682 0.024596
0 0.157162 0.198698 0.088859 0.026646
0 0.248011 0.198698 0.079576 0.024596
0 0.342838 0.200235 0.102122 0.027671
0 0.463528 0.200748 0.128647 0.024596
0 0.590849 0.199210 0.107427 0.029720
0 0.708886 0.199723 0.120690 0.028695
0 0.834218 0.200748 0.122016 0.028695
0 0.181034 0.269412 0.144562 0.028695
0 0.295093 0.263263 0.075597 0.038944
0 0.399204 0.259676 0.124668 0.039969
0 0.513263 0.268899 0.098143 0.029720
0 0.625332 0.263775 0.112732 0.037919
0 0.742706 0.261725 0.106101 0.035869
0 0.846154 0.262238 0.090186 0.036894
5 0.143236 0.172052 0.095491 0.014348
5 0.224138 0.171540 0.047745 0.013323
5 0.313660 0.172052 0.070292 0.012298
5 0.397878 0.172052 0.053050 0.014348
5 0.486074 0.170002 0.043767 0.014348
5 0.577586 0.170515 0.041114 0.015373
5 0.652520 0.168978 0.050398 0.014348
5 0.731432 0.171027 0.038462 0.012298
5 0.792440 0.170002 0.051724 0.016397
5 0.859416 0.171027 0.047745 0.014348
5 0.157162 0.230468 0.049072 0.012298
5 0.238727 0.229443 0.053050 0.014348
5 0.331565 0.229955 0.042440 0.013323
5 0.467507 0.231493 0.057029 0.012298
5 0.593501 0.230980 0.051724 0.015373
5 0.711538 0.229443 0.049072 0.014348
5 0.847480 0.229443 0.045093 0.012298
5 0.203581 0.299132 0.054377 0.012298
5 0.299072 0.300157 0.057029 0.012298
5 0.398541 0.297082 0.043767 0.010248
5 0.500663 0.298619 0.051724 0.007174
5 0.629310 0.298107 0.043767 0.008199
5 0.743369 0.297595 0.043767 0.009224
5 0.844828 0.298619 0.053050 0.011273
0 0.121353 0.705480 0.062334 0.029720
2 0.194297 0.720852 0.054377 0.074813
2 0.271883 0.720340 0.058355 0.077888
2 0.347480 0.721365 0.068966 0.073788
1 0.430371 0.707017 0.088859 0.049192
3 0.279178 0.716241 0.399204 0.079937
0 0.155836 0.799765 0.120690 0.056366
2 0.290451 0.798740 0.116711 0.068664
1 0.422414 0.796690 0.118037 0.070714
3 0.268568 0.796690 0.423077 0.074813
0 0.578912 0.724952 0.112732 0.031770
2 0.679045 0.740324 0.082228 0.076863
2 0.757294 0.733150 0.053050 0.060465
1 0.853448 0.738787 0.104775 0.059441
5 0.850796 0.773119 0.088859 0.017422
3 0.715517 0.740837 0.388594 0.069689
0 0.570955 0.815650 0.072944 0.069689
2 0.653846 0.825386 0.095491 0.070714
2 0.742042 0.824873 0.083554 0.067639
1 0.846817 0.817700 0.120690 0.067639
5 0.813660 0.865867 0.075597 0.014348
3 0.721485 0.825898 0.381963 0.086086