0 0.128572 0.111332 0.099846 0.059642
0 0.219099 0.110835 0.046595 0.016899
5 0.223759 0.135686 0.071889 0.018887
2 0.312955 0.096421 0.117153 0.019881
2 0.315617 0.129722 0.053251 0.024851
1 0.436098 0.107356 0.105171 0.067594
3 0.278341 0.109841 0.426011 0.074553
3 0.119253 0.688867 0.083871 0.033797
3 0.217102 0.686382 0.077214 0.044732
2 0.314952 0.672465 0.113159 0.032803
2 0.317614 0.713221 0.070558 0.034791
1 0.430773 0.694334 0.110497 0.038767
3 0.267691 0.692346 0.452636 0.076541
0 0.527957 0.315606 0.057245 0.094433
0 0.787557 0.430417 0.097184 0.035785
0 0.635791 0.361332 0.153098 0.056660
0 0.613159 0.261928 0.057245 0.032803
0 0.626472 0.179423 0.027957 0.024851
0 0.747619 0.187376 0.062570 0.052684
0 0.828827 0.151590 0.091859 0.034791
0 0.855453 0.252485 0.121147 0.051690
0 0.839477 0.364314 0.099846 0.058648
0 0.553251 0.632207 0.089196 0.033797
0 0.550589 0.685885 0.086533 0.037773
2 0.698361 0.603877 0.097184 0.022863
2 0.701689 0.634692 0.119816 0.020875
2 0.692370 0.679423 0.122478 0.030815
2 0.699693 0.722664 0.126472 0.035785
1 0.858115 0.663022 0.126472 0.033797
5 0.560573 0.719185 0.093190 0.016899
3 0.703686 0.665507 0.424679 0.146123
0 0.706349 0.798211 0.161085 0.095427