0 0.551920 0.146620 0.075883 0.030815
0 0.643113 0.145626 0.071889 0.032803
2 0.736303 0.139662 0.063902 0.010934
1 0.852790 0.145129 0.105171 0.033797
3 0.717665 0.144632 0.426011 0.044732
0 0.540604 0.221173 0.066564 0.018887
0 0.616487 0.210239 0.066564 0.036779
0 0.694367 0.211730 0.078546 0.035785
0 0.778904 0.209742 0.071889 0.037773
0 0.866769 0.208748 0.077214 0.039761
0 0.566564 0.607853 0.110497 0.060636
2 0.689708 0.567097 0.133128 0.070577
2 0.689708 0.629225 0.098515 0.035785
0 0.844137 0.601392 0.173067 0.057654
2 0.861443 0.680915 0.071889 0.055666
2 0.770916 0.681909 0.095852 0.047714
2 0.770251 0.726640 0.097184 0.031809
1 0.597184 0.698310 0.177061 0.068588
3 0.716334 0.637177 0.418023 0.216700