0 0.139222 0.219185 0.123809 0.042744
0 0.267025 0.213221 0.086533 0.072565
0 0.448746 0.225149 0.095852 0.080517
2 0.355556 0.198310 0.074552 0.052684
2 0.354890 0.249503 0.083871 0.047714
1 0.127241 0.335487 0.091859 0.114314
2 0.454071 0.312127 0.053251 0.045726
2 0.386841 0.322068 0.070558 0.035785
2 0.386175 0.350398 0.079877 0.020875
0 0.315617 0.342445 0.090527 0.100398
2 0.221762 0.324056 0.070558 0.025845
2 0.220430 0.356362 0.091859 0.024851
2 0.211777 0.249503 0.055914 0.029821
3 0.275013 0.288270 0.453968 0.224652
0 0.178495 0.681412 0.111828 0.048708
2 0.312955 0.654573 0.173067 0.056660
2 0.314286 0.712227 0.130466 0.040755
0 0.446083 0.692843 0.077214 0.105368
2 0.384844 0.772863 0.095852 0.046720
0 0.458065 0.863320 0.071889 0.106362
2 0.346237 0.834493 0.138453 0.058648
2 0.343574 0.889662 0.082540 0.037773
1 0.164517 0.841451 0.219662 0.130219
3 0.271685 0.766899 0.465949 0.309145
0 0.560573 0.333002 0.093190 0.045726
2 0.750281 0.278330 0.123809 0.031809
2 0.744956 0.317097 0.091859 0.029821
0 0.639119 0.302684 0.098515 0.064612
0 0.648438 0.390159 0.082540 0.050696
2 0.743625 0.361829 0.123809 0.027833
2 0.747619 0.403082 0.067895 0.036779
1 0.864106 0.331511 0.141116 0.048708
5 0.879416 0.395129 0.110497 0.052684
3 0.739631 0.345924 0.467281 0.159046