0 0.271019 0.101889 0.137122 0.038767
0 0.484025 0.097416 0.169073 0.051690
0 0.694367 0.094930 0.201024 0.032803
5 0.280338 0.133201 0.094521 0.023857
5 0.489350 0.132704 0.102509 0.020875
5 0.687711 0.134692 0.091859 0.024851
0 0.298976 0.168986 0.158423 0.027833
0 0.501997 0.170974 0.178392 0.033797
0 0.691705 0.173956 0.121147 0.031809
5 0.269688 0.197813 0.086533 0.013917
5 0.485356 0.196819 0.086533 0.015905
5 0.677726 0.199801 0.103840 0.017893
0 0.273682 0.236083 0.139785 0.034791
0 0.491347 0.241551 0.114490 0.045726
0 0.693036 0.235586 0.139785 0.029821
5 0.273682 0.270378 0.065233 0.017893
5 0.478034 0.269881 0.090527 0.018887
5 0.705018 0.274851 0.142447 0.022863
0 0.111265 0.357356 0.054583 0.062624
0 0.191142 0.359344 0.083871 0.056660
2 0.288992 0.342942 0.103840 0.031809
2 0.292320 0.378728 0.091859 0.031809
5 0.184486 0.394135 0.073221 0.020875
0 0.412801 0.356859 0.130466 0.057654
0 0.109934 0.446322 0.051920 0.065606
0 0.189811 0.456759 0.089196 0.058648
2 0.295648 0.432406 0.085202 0.033797
2 0.292985 0.471670 0.109165 0.032803
0 0.421454 0.455765 0.153098 0.070577
0 0.289657 0.525845 0.129135 0.059642
3 0.278341 0.364314 0.423348 0.078529
3 0.267691 0.451789 0.484587 0.072565
0 0.551920 0.350895 0.091859 0.041750
0 0.645110 0.351889 0.065233 0.031809
2 0.738300 0.335984 0.121147 0.025845
1 0.858115 0.351889 0.123809 0.041750
0 0.597849 0.426441 0.103840 0.035785
5 0.707680 0.470179 0.070558 0.017893
0 0.699693 0.427932 0.073221 0.030815
0 0.800870 0.429423 0.094521 0.055666
5 0.808858 0.470179 0.081208 0.017893
5 0.599846 0.469682 0.070558 0.012922
0 0.622478 0.504473 0.102509 0.026839
5 0.622478 0.526839 0.097184 0.011928
0 0.775576 0.502982 0.121147 0.031809
5 0.766257 0.527833 0.067895 0.013917
3 0.720327 0.356362 0.441986 0.078529
5 0.571224 0.386680 0.095852 0.015905