0 0.377522 0.083996 0.051920 0.012922
0 0.526626 0.089463 0.070558 0.019881
0 0.684383 0.120278 0.095852 0.047714
0 0.683051 0.187376 0.090527 0.038767
2 0.688377 0.242545 0.141116 0.035785
0 0.523297 0.225149 0.111828 0.032803
2 0.344240 0.149105 0.078546 0.021869
0 0.338915 0.227137 0.115822 0.034791
2 0.458065 0.194334 0.087865 0.026839
2 0.547261 0.153579 0.085202 0.020875
2 0.460061 0.130716 0.075883 0.020875
0 0.260369 0.168489 0.099846 0.026839
0 0.118587 0.417495 0.101178 0.077535
0 0.248387 0.340954 0.139785 0.079523
2 0.259703 0.401093 0.157091 0.032803
2 0.251050 0.449304 0.134460 0.057654
1 0.408807 0.430417 0.165079 0.157058
0 0.119919 0.603877 0.082540 0.128231
2 0.247056 0.537276 0.115822 0.064612
2 0.253047 0.584493 0.159754 0.025845
2 0.248387 0.622763 0.097184 0.026839
5 0.245725 0.649105 0.051920 0.019881
1 0.406145 0.601392 0.114490 0.163022
0 0.117256 0.777833 0.069227 0.124254
2 0.255044 0.732107 0.150435 0.070577
2 0.253713 0.790258 0.123809 0.019881
5 0.245725 0.816103 0.062570 0.021869
1 0.414798 0.767893 0.086533 0.136183
3 0.264363 0.391153 0.437992 0.177932
5 0.259038 0.471173 0.089196 0.021869
3 0.267691 0.592445 0.460624 0.176938
3 0.272351 0.773857 0.422017 0.156064
0 0.551920 0.406064 0.078546 0.050696
0 0.656426 0.407058 0.071889 0.054672
1 0.853456 0.404076 0.119816 0.040755
2 0.743625 0.376243 0.094521 0.034791
2 0.743625 0.416998 0.054583 0.024851
3 0.732309 0.400596 0.457962 0.085487
0 0.578546 0.474155 0.139785 0.027833
0 0.738300 0.474155 0.137122 0.025845
0 0.866103 0.473658 0.105171 0.030815
5 0.573886 0.508946 0.090527 0.033797
5 0.724987 0.510437 0.094521 0.032803
5 0.861443 0.500994 0.085202 0.015905
0 0.571224 0.557654 0.117153 0.043738
0 0.715668 0.560139 0.161085 0.036779
0 0.864106 0.561133 0.119816 0.040755
5 0.576549 0.593936 0.085202 0.022863
5 0.699693 0.593936 0.121147 0.028827
5 0.854121 0.593936 0.097184 0.028827
0 0.637788 0.638668 0.109165 0.042744
0 0.791551 0.637674 0.126472 0.032803
5 0.636457 0.675944 0.130466 0.021869
5 0.794214 0.676938 0.118484 0.025845
1 0.402816 0.165010 0.038607 0.019881