0 0.122581 0.094433 0.114490 0.029821
0 0.157860 0.166004 0.129135 0.047714
1 0.412135 0.132207 0.153098 0.053678
5 0.163851 0.197813 0.098515 0.015905
2 0.274347 0.114314 0.125141 0.031809
2 0.272351 0.155070 0.097184 0.037773
0 0.316283 0.230119 0.187711 0.054672
0 0.137225 0.335984 0.098515 0.077535
0 0.285663 0.340954 0.142447 0.059642
0 0.432105 0.336978 0.102509 0.039761
5 0.131900 0.380716 0.085202 0.011928
5 0.284998 0.384195 0.090527 0.014911
5 0.422786 0.382207 0.075883 0.022863
0 0.268357 0.493042 0.086533 0.035785
3 0.277010 0.139662 0.444649 0.126243
5 0.267025 0.522863 0.054583 0.013917
0 0.402151 0.494036 0.079877 0.035785
5 0.408807 0.519881 0.077214 0.019881
2 0.543267 0.473658 0.130466 0.034791
2 0.540604 0.515408 0.103840 0.028827
1 0.713005 0.488072 0.129135 0.055666
3 0.502663 0.486083 0.565796 0.089463
0 0.292985 0.578529 0.143779 0.039761
0 0.486022 0.567594 0.079877 0.031809
0 0.578546 0.566600 0.081208 0.033797
0 0.673067 0.567097 0.083871 0.030815
5 0.486022 0.593439 0.077214 0.023857
5 0.575218 0.591451 0.069227 0.017893
5 0.663748 0.594433 0.073221 0.023857
0 0.490015 0.624751 0.082540 0.032803
0 0.588530 0.623757 0.069227 0.036779
0 0.674398 0.624751 0.097184 0.032803
5 0.488684 0.651590 0.042601 0.018887
5 0.578546 0.652087 0.078546 0.019881
5 0.671070 0.652584 0.063902 0.022863
0 0.280338 0.695825 0.121147 0.051690
0 0.490681 0.703280 0.129135 0.040755
0 0.699027 0.707753 0.149104 0.045726
0 0.277676 0.777336 0.121147 0.033797
0 0.502663 0.777336 0.171736 0.031809
0 0.700358 0.776839 0.162417 0.032803
0 0.298311 0.863817 0.173067 0.055666
0 0.490681 0.871769 0.174398 0.039761
0 0.691039 0.871769 0.170404 0.043738
5 0.281669 0.738569 0.113159 0.015905
5 0.488684 0.738569 0.122478 0.009940
5 0.681055 0.738569 0.126472 0.019881
5 0.279673 0.812127 0.125141 0.025845
5 0.467384 0.808151 0.098515 0.013917
5 0.685714 0.809145 0.114490 0.019881
5 0.274347 0.905070 0.119816 0.012922
5 0.488684 0.904076 0.117153 0.018887
5 0.696364 0.905567 0.109165 0.015905