0 0.146544 0.249503 0.127803 0.063618
2 0.259038 0.216700 0.099846 0.079523
2 0.261035 0.274354 0.063902 0.035785
1 0.402816 0.255467 0.190374 0.081511
3 0.292320 0.234095 0.416692 0.104374
0 0.143882 0.373260 0.127803 0.064612
2 0.256375 0.343439 0.097184 0.072565
2 0.262366 0.399105 0.066564 0.032803
1 0.390835 0.373260 0.171736 0.068588
3 0.278341 0.356362 0.407373 0.106362
0 0.546595 0.111829 0.102509 0.042744
0 0.657091 0.115308 0.094521 0.039761
0 0.757603 0.083499 0.106503 0.059642
5 0.649769 0.146620 0.066564 0.016899
5 0.551254 0.149602 0.074552 0.024851
2 0.757603 0.091948 0.087865 0.044732
2 0.760932 0.138171 0.075883 0.031809
1 0.866103 0.117296 0.118484 0.039761
3 0.729646 0.115805 0.428673 0.076541
0 0.612493 0.190358 0.127803 0.036779
0 0.798873 0.190358 0.165079 0.032803
0 0.619816 0.256958 0.155760 0.034791
0 0.794214 0.256461 0.142447 0.047714
0 0.617153 0.324553 0.126472 0.032803
0 0.785560 0.322068 0.117153 0.045726
0 0.613159 0.402087 0.153098 0.052684
0 0.793548 0.405567 0.130466 0.049702
5 0.602509 0.215209 0.035945 0.012922
5 0.800870 0.218688 0.049257 0.023857
5 0.781566 0.218688 0.010650 0.001988
5 0.615822 0.284294 0.035945 0.011928
5 0.788223 0.282306 0.050589 0.013917
5 0.623144 0.361332 0.053251 0.012922
5 0.784895 0.360835 0.030620 0.011928
5 0.623144 0.433897 0.029288 0.026839
5 0.810189 0.437873 0.035945 0.016899
0 0.555248 0.571074 0.093190 0.034791
0 0.689042 0.560139 0.094521 0.028827
0 0.846134 0.513419 0.129135 0.026839
2 0.859447 0.539264 0.033282 0.020875
0 0.846134 0.567594 0.094521 0.029821
0 0.583205 0.644632 0.085202 0.022863
0 0.557911 0.602386 0.031951 0.015905
0 0.577880 0.714712 0.047926 0.027833
0 0.695033 0.722664 0.045264 0.019881
0 0.860112 0.709742 0.122478 0.049702
0 0.799539 0.645129 0.158423 0.053678