0 0.133231 0.094930 0.111828 0.032803
2 0.269022 0.105865 0.111828 0.020875
1 0.407476 0.117793 0.130466 0.044732
2 0.264363 0.152087 0.102509 0.049702
0 0.137225 0.149602 0.135791 0.044732
5 0.139888 0.185388 0.085202 0.016899
3 0.255044 0.133201 0.451305 0.111332
0 0.144547 0.239066 0.121147 0.052684
2 0.264363 0.242545 0.105171 0.029821
0 0.140553 0.298211 0.145110 0.033797
5 0.143216 0.319085 0.065233 0.015905
2 0.265694 0.297714 0.094521 0.048708
1 0.400819 0.273360 0.147772 0.055666
3 0.249053 0.278330 0.445980 0.125249
0 0.108603 0.555169 0.106503 0.076541
2 0.245059 0.530318 0.113159 0.050696
2 0.246390 0.570577 0.123809 0.011928
1 0.408807 0.556163 0.155760 0.084493
2 0.241731 0.621272 0.119816 0.053678
2 0.245059 0.680915 0.086533 0.037773
1 0.411470 0.650099 0.150435 0.059642
3 0.265028 0.601889 0.453968 0.199801
0 0.546595 0.106859 0.079877 0.050696
0 0.645110 0.111332 0.087865 0.063618
2 0.744291 0.095924 0.094521 0.024851
2 0.748950 0.130219 0.082540 0.033797
1 0.865437 0.112326 0.110497 0.033797
3 0.713005 0.109841 0.420686 0.096421
0 0.559908 0.342445 0.101178 0.024851
0 0.685714 0.350398 0.086533 0.030815
0 0.840809 0.341948 0.098515 0.037773
0 0.576549 0.429920 0.083871 0.030815
0 0.789554 0.431909 0.139785 0.056660
0 0.577214 0.512922 0.029288 0.015905
0 0.688377 0.517893 0.033282 0.019881
1 0.856118 0.511431 0.129135 0.048708
0 0.577880 0.687376 0.113159 0.058648
0 0.591859 0.749503 0.082540 0.033797
2 0.689708 0.695825 0.075883 0.023857
2 0.687711 0.725149 0.090527 0.018887
5 0.796876 0.763917 0.205018 0.038767
1 0.811520 0.705765 0.141116 0.059642
3 0.701689 0.722664 0.387404 0.123260