0 0.119253 0.222167 0.093190 0.058648
0 0.234409 0.218191 0.057245 0.030815
5 0.237071 0.250994 0.081208 0.016899
2 0.330261 0.207753 0.118484 0.035785
2 0.327599 0.237078 0.054583 0.010934
1 0.446749 0.225646 0.109165 0.065606
3 0.281669 0.222664 0.447311 0.073559
3 0.117256 0.317097 0.075883 0.039761
3 0.279673 0.312624 0.113159 0.054672
3 0.436098 0.311133 0.117153 0.059642
3 0.129238 0.408549 0.089196 0.057654
3 0.278341 0.420477 0.131797 0.057654
3 0.450077 0.409046 0.073221 0.044732
5 0.115259 0.354871 0.090527 0.023857
5 0.290988 0.353877 0.093190 0.027833
5 0.444752 0.356859 0.067895 0.031809
5 0.120584 0.462724 0.055914 0.030815
5 0.293651 0.460736 0.069227 0.034791
5 0.444752 0.458748 0.070558 0.028827
0 0.571889 0.103380 0.101178 0.041750
0 0.672401 0.100895 0.038607 0.024851
2 0.757603 0.085984 0.105171 0.032803
2 0.764925 0.112823 0.053251 0.014911
1 0.872094 0.106362 0.086533 0.037773
5 0.672401 0.123757 0.059908 0.016899
3 0.715002 0.104871 0.411367 0.052684
0 0.612493 0.177435 0.126472 0.042744
0 0.809523 0.174950 0.134460 0.039761
0 0.630466 0.268887 0.135791 0.054672
0 0.798873 0.269881 0.145110 0.052684
5 0.611828 0.212724 0.053251 0.025845
5 0.818177 0.211233 0.077214 0.024851
5 0.636457 0.308648 0.067895 0.026839
5 0.812852 0.307654 0.066564 0.028827
0 0.570558 0.402087 0.111828 0.044732
2 0.713005 0.384195 0.114490 0.022863
2 0.716334 0.418986 0.073221 0.034791
1 0.866769 0.400099 0.094521 0.042744
3 0.716999 0.407555 0.391397 0.071571
0 0.721659 0.473161 0.161085 0.063618
0 0.566564 0.644632 0.079877 0.058648
0 0.769585 0.632207 0.038607 0.025845
0 0.898719 0.638171 0.073221 0.063618
0 0.860112 0.744533 0.078546 0.069583
0 0.679723 0.740060 0.098515 0.048708
0 0.564567 0.747018 0.078546 0.038767
0 0.527957 0.702783 0.047926 0.043738