0 0.119743 0.198965 0.044518 0.019755
2 0.200122 0.190028 0.032152 0.018815
1 0.293486 0.196613 0.080380 0.024459
1 0.212488 0.193791 0.254742 0.028222
0 0.116651 0.236124 0.050701 0.026341
2 0.198267 0.227658 0.050701 0.016933
1 0.274319 0.235654 0.051938 0.029163
1 0.331203 0.233772 0.034625 0.017874
3 0.214961 0.234713 0.269581 0.031044
0 0.118506 0.271402 0.056884 0.027281
1 0.269991 0.271872 0.043281 0.016933
1 0.328111 0.268109 0.043281 0.011289
1 0.208160 0.271872 0.255978 0.024459
0 0.124689 0.308561 0.076670 0.047037
1 0.292250 0.313735 0.085326 0.038570
3 0.214343 0.310442 0.253505 0.045155
0 0.119124 0.363123 0.080380 0.039511
1 0.295959 0.363594 0.092746 0.040452
3 0.204450 0.364534 0.275764 0.046096
0 0.117269 0.408749 0.046991 0.031044
2 0.205069 0.403104 0.042045 0.017874
1 0.276174 0.410630 0.048228 0.031044
1 0.326875 0.411571 0.028442 0.021637
3 0.214343 0.412041 0.258451 0.031985
0 0.113559 0.453434 0.051938 0.041392
1 0.289158 0.452493 0.066777 0.030103
3 0.205069 0.452493 0.234956 0.045155
0 0.130254 0.492474 0.033388 0.015992
0 0.287303 0.492474 0.050701 0.029163
3 0.206305 0.491063 0.242376 0.030103
0 0.559357 0.092192 0.107585 0.031985
0 0.663851 0.093603 0.056884 0.032926
2 0.751650 0.084196 0.103875 0.025400
2 0.754123 0.108655 0.113768 0.019755
1 0.878403 0.096425 0.105112 0.032926
5 0.886441 0.121825 0.051938 0.015992
0 0.561830 0.157573 0.053174 0.014111
3 0.720117 0.100659 0.426630 0.050800
0 0.642210 0.157573 0.072960 0.014111
2 0.752887 0.145814 0.106348 0.018815
2 0.751032 0.169802 0.119951 0.019755
1 0.867891 0.157573 0.071723 0.015992
5 0.868510 0.168862 0.050701 0.012230
3 0.714552 0.157573 0.388295 0.046096
0 0.558121 0.207432 0.068014 0.032926
0 0.653340 0.206961 0.075433 0.028222
2 0.759070 0.197554 0.111295 0.018815
2 0.762161 0.218721 0.085326 0.019755
1 0.883349 0.206021 0.087799 0.031985
5 0.886441 0.234243 0.054411 0.018815
3 0.718880 0.218250 0.429104 0.056444
0 0.655813 0.678739 0.075433 0.036689
0 0.759688 0.675917 0.102639 0.036689
0 0.624279 0.726246 0.076670 0.030103
0 0.706514 0.724365 0.090273 0.033866
0 0.798641 0.724835 0.086563 0.029163
0 0.621188 0.782220 0.063067 0.027281
0 0.705896 0.781279 0.074197 0.031044
0 0.791222 0.780339 0.071723 0.032926
0 0.660759 0.823142 0.068014 0.028222
0 0.756597 0.823142 0.064304 0.018815