0 0.160551 0.659925 0.049464 0.012230
0 0.244640 0.657573 0.051938 0.015052
2 0.342951 0.648636 0.119951 0.019755
2 0.349134 0.674506 0.100165 0.022578
1 0.436315 0.660865 0.059357 0.023518
3 0.294104 0.659925 0.323992 0.042333
0 0.164260 0.715428 0.054411 0.015992
0 0.245877 0.717780 0.089036 0.030103
2 0.347897 0.705080 0.105112 0.017874
2 0.343569 0.730009 0.086563 0.018815
1 0.436315 0.716369 0.051938 0.012230
1 0.292868 0.716369 0.321519 0.044214
0 0.163024 0.772813 0.066777 0.040452
0 0.249587 0.767168 0.059357 0.017874
2 0.347897 0.762465 0.095219 0.019755
2 0.348515 0.783161 0.106348 0.017874
1 0.434460 0.768579 0.050701 0.018815
3 0.289776 0.771872 0.347487 0.040452
0 0.163642 0.819849 0.072960 0.029163
0 0.254533 0.821731 0.054411 0.014111
2 0.349134 0.811853 0.110058 0.020696
2 0.347279 0.841957 0.108822 0.028222
1 0.433841 0.825964 0.044518 0.011289
3 0.289776 0.831138 0.347487 0.051740