0 0.256388 0.105833 0.070487 0.032926
0 0.325638 0.109125 0.035862 0.013170
2 0.404781 0.098777 0.092746 0.024459
2 0.405399 0.121825 0.079143 0.015992
2 0.503710 0.106303 0.072960 0.033866
1 0.649011 0.104892 0.158286 0.066792
3 0.471558 0.105833 0.510720 0.066792
0 0.266899 0.176388 0.108822 0.064911
0 0.384995 0.170743 0.087799 0.031044
2 0.485161 0.155691 0.087799 0.017874
2 0.487634 0.186265 0.092746 0.026341
1 0.606967 0.177328 0.108822 0.066792
1 0.731864 0.177328 0.108822 0.066792
3 0.501855 0.176858 0.573787 0.065851
0 0.247113 0.230009 0.046991 0.029163
0 0.331203 0.235183 0.049464 0.016933
2 0.414056 0.225776 0.084089 0.018815
2 0.412201 0.247413 0.080380 0.015052
1 0.515458 0.231891 0.051938 0.032926
3 0.385614 0.233772 0.321519 0.034807
0 0.261334 0.285042 0.107585 0.030103
0 0.340477 0.286453 0.040808 0.014111
2 0.423949 0.275635 0.106348 0.020696
2 0.425803 0.301035 0.085326 0.015052
1 0.537717 0.287865 0.106348 0.030103
3 0.404163 0.287865 0.383349 0.041392
0 0.090682 0.725306 0.048228 0.050800
0 0.148185 0.714487 0.039572 0.021637
2 0.233511 0.706491 0.128607 0.018815
2 0.236602 0.727658 0.132317 0.014111
1 0.348515 0.716369 0.069250 0.029163
1 0.446826 0.716839 0.063067 0.035748
2 0.271227 0.720602 0.424157 0.056444
0 0.090064 0.795390 0.049464 0.051740
0 0.145711 0.784102 0.042045 0.010348
2 0.226091 0.773283 0.113768 0.024459
2 0.231037 0.794920 0.089036 0.016933
1 0.333058 0.763876 0.060594 0.031985
1 0.332439 0.808090 0.074197 0.026341
1 0.428277 0.783631 0.087799 0.063970
3 0.269991 0.787394 0.421684 0.073377