0 0.130254 0.342427 0.048228 0.037629
0 0.211252 0.342897 0.076670 0.025400
2 0.307089 0.325024 0.117478 0.027281
2 0.318837 0.347131 0.079143 0.016933
1 0.418384 0.338194 0.077906 0.038570
5 0.414056 0.364534 0.034625 0.012230
3 0.278647 0.343368 0.357380 0.052681
0 0.125307 0.397460 0.055647 0.031044
0 0.213107 0.396990 0.100165 0.018815
2 0.325020 0.384760 0.106348 0.022578
2 0.323165 0.414393 0.095219 0.029163
2 0.437551 0.400282 0.098929 0.042333
3 0.292868 0.398401 0.388295 0.055503
0 0.143238 0.456256 0.084089 0.031985
2 0.256388 0.440734 0.117478 0.021637
2 0.256388 0.467545 0.095219 0.028222
1 0.379431 0.459548 0.089036 0.047977
3 0.265662 0.455315 0.319045 0.047037
5 0.384995 0.474600 0.055647 0.015992
0 0.158696 0.517404 0.112531 0.039511
2 0.280502 0.503293 0.113768 0.013170
1 0.410346 0.509878 0.128607 0.018815
5 0.407873 0.530103 0.032152 0.012230
3 0.284830 0.517404 0.374693 0.037629
0 0.120979 0.561148 0.079143 0.021637
0 0.200122 0.559737 0.066777 0.016933
2 0.297196 0.554092 0.102639 0.013170
2 0.299051 0.574318 0.136027 0.021637
1 0.435078 0.560207 0.128607 0.031044
5 0.432605 0.581373 0.046991 0.013170
3 0.289776 0.565851 0.411791 0.042333
0 0.176008 0.642521 0.152103 0.084666
0 0.321310 0.631232 0.093982 0.063970
0 0.429513 0.645343 0.092746 0.097836