0 0.282357 0.209784 0.157049 0.107244
0 0.376957 0.082785 0.037098 0.015052
0 0.467848 0.079022 0.050701 0.011289
0 0.558121 0.080903 0.038335 0.015052
0 0.704041 0.132643 0.144683 0.084666
0 0.603875 0.228598 0.124898 0.071496
0 0.469703 0.198965 0.054411 0.025400
0 0.386850 0.142992 0.059357 0.022578
0 0.558121 0.140169 0.060594 0.016933
0 0.569250 0.182502 0.058121 0.013170
0 0.268136 0.355597 0.108822 0.088429
0 0.257624 0.296331 0.063067 0.015052
0 0.316363 0.289746 0.064304 0.013170
0 0.375102 0.295861 0.055647 0.014111
0 0.438788 0.292568 0.046991 0.013170
0 0.511129 0.296802 0.058121 0.014111
0 0.571723 0.293509 0.050701 0.013170
0 0.644683 0.299153 0.063067 0.022578
0 0.712079 0.298683 0.029679 0.017874
0 0.330584 0.363594 0.025969 0.015992
2 0.376957 0.354186 0.056884 0.015992
0 0.376339 0.311383 0.063067 0.011289
0 0.446826 0.363594 0.063067 0.021637
0 0.545136 0.363123 0.037098 0.016933
0 0.520404 0.387582 0.042045 0.013170
2 0.608822 0.373001 0.060594 0.010348
1 0.681163 0.357949 0.064304 0.040452
0 0.129635 0.690969 0.074197 0.040452
2 0.237220 0.692850 0.136027 0.019755
2 0.234129 0.714958 0.072960 0.016933
0 0.133964 0.737535 0.080380 0.015052
1 0.357790 0.705550 0.082853 0.043274
5 0.363355 0.736124 0.054411 0.015992
3 0.243403 0.708373 0.314099 0.073377
0 0.110468 0.768579 0.055647 0.026341
0 0.182810 0.766228 0.044518 0.012230
2 0.268754 0.759643 0.072960 0.017874
1 0.375102 0.770461 0.045755 0.028222
3 0.237220 0.804327 0.336358 0.111007
0 0.189611 0.833960 0.082853 0.044214
0 0.302761 0.838194 0.081616 0.043274
0 0.467230 0.707902 0.074197 0.032926
0 0.586563 0.711665 0.112531 0.047977
0 0.686728 0.694732 0.095219 0.044214
0 0.453627 0.752117 0.042045 0.025400
0 0.521022 0.749765 0.065540 0.039511
0 0.602020 0.754939 0.064304 0.019755
0 0.687346 0.743180 0.093982 0.041392
0 0.481451 0.795390 0.070487 0.029163
0 0.598929 0.799624 0.090273 0.037629
0 0.679308 0.786453 0.068014 0.030103
0 0.538953 0.823612 0.042045 0.029163
0 0.489489 0.854657 0.081616 0.038570
0 0.602639 0.856068 0.090273 0.037629
0 0.692293 0.855127 0.074197 0.026341
0 0.710842 0.814675 0.066777 0.031985
0 0.855525 0.765757 0.140974 0.058325
0 0.862327 0.814205 0.139737 0.053622
0 0.857380 0.865005 0.115005 0.044214