0 0.136437 0.098777 0.077906 0.035748
0 0.224854 0.095014 0.051938 0.033866
2 0.318837 0.088899 0.098929 0.025400
2 0.318218 0.111947 0.107585 0.015052
1 0.430132 0.098307 0.089036 0.044214
3 0.284830 0.104892 0.396952 0.063029
0 0.130254 0.166040 0.035862 0.010348
0 0.172298 0.146754 0.048228 0.015052
0 0.232274 0.155221 0.046991 0.022578
0 0.291631 0.142051 0.034625 0.011289
0 0.316982 0.199906 0.072960 0.027281
0 0.140147 0.193321 0.072960 0.019755
0 0.091300 0.230009 0.049464 0.014111
0 0.205069 0.223895 0.044518 0.016933
0 0.293486 0.273754 0.072960 0.035748
0 0.169207 0.303857 0.084089 0.015052
0 0.146330 0.257291 0.075433 0.032926
0 0.101193 0.352305 0.044518 0.031044
0 0.154986 0.358890 0.053174 0.057385
2 0.227328 0.341016 0.106348 0.021637
2 0.237220 0.364534 0.101402 0.021637
1 0.328730 0.360301 0.066777 0.069614
1 0.221145 0.357949 0.284420 0.068674
0 0.433841 0.363123 0.113768 0.058325
0 0.279883 0.573377 0.095219 0.032926
0 0.274937 0.625588 0.077906 0.035748
2 0.379431 0.586548 0.076670 0.019755
2 0.385614 0.614299 0.103875 0.022578
1 0.488871 0.594544 0.097692 0.033866
5 0.496290 0.622766 0.055647 0.018815
3 0.378194 0.604892 0.316572 0.103481
0 0.682400 0.600188 0.244849 0.094073
0 0.295959 0.702258 0.127371 0.051740
2 0.419620 0.690969 0.100165 0.027281
2 0.419620 0.713547 0.082853 0.012230
0 0.558121 0.704610 0.132317 0.063970
0 0.300288 0.773754 0.126134 0.051740
2 0.421475 0.760583 0.111295 0.038570
2 0.416529 0.796331 0.091509 0.025400
1 0.549464 0.776105 0.132317 0.052681
0 0.713933 0.762935 0.112531 0.065851
3 0.427658 0.776105 0.375929 0.062088
0 0.307089 0.844779 0.117478 0.054563
2 0.425185 0.834431 0.106348 0.028222
2 0.420239 0.863594 0.086563 0.022578
1 0.550083 0.845720 0.123661 0.050800
3 0.425803 0.845720 0.367273 0.063970