0 0.120361 0.098307 0.077906 0.036689
0 0.208778 0.099247 0.054411 0.023518
2 0.307707 0.079962 0.121188 0.041392
2 0.313890 0.108655 0.071723 0.012230
1 0.441879 0.097366 0.095219 0.055503
3 0.280502 0.094544 0.425394 0.055503
0 0.120979 0.164158 0.091509 0.046096
0 0.205687 0.150047 0.045755 0.017874
2 0.295341 0.136877 0.113768 0.017874
2 0.295341 0.161336 0.074197 0.021637
1 0.417147 0.161336 0.107585 0.046096
1 0.269991 0.158043 0.396952 0.058325
0 0.111086 0.220602 0.081616 0.029163
0 0.204450 0.214487 0.045755 0.020696
2 0.295341 0.205080 0.091509 0.018815
2 0.294104 0.229539 0.103875 0.020696
1 0.415911 0.228128 0.095219 0.064911
1 0.273082 0.229539 0.420447 0.065851
1 0.134582 0.317027 0.108822 0.073377
1 0.247113 0.313264 0.096456 0.082785
1 0.397980 0.316557 0.153340 0.076199
0 0.532152 0.099247 0.058121 0.023518
2 0.589036 0.091251 0.030915 0.016933
2 0.587799 0.112418 0.053174 0.021637
0 0.642210 0.095955 0.045755 0.041392
2 0.705896 0.088899 0.069250 0.021637
0 0.781329 0.091722 0.081616 0.042333
2 0.851197 0.079492 0.043281 0.017874
1 0.917356 0.098777 0.061830 0.028222
0 0.568014 0.156632 0.063067 0.044214
0 0.645920 0.158043 0.060594 0.035748
2 0.725063 0.144403 0.080380 0.021637
2 0.730009 0.170273 0.075433 0.020696
1 0.852434 0.158514 0.124898 0.044214
3 0.722590 0.097836 0.429104 0.060207
3 0.719498 0.156632 0.408081 0.049859
0 0.619951 0.216369 0.070487 0.067733
2 0.724445 0.198495 0.113768 0.022578
2 0.723826 0.218721 0.072960 0.014111
1 0.843778 0.209313 0.115005 0.047977
1 0.728154 0.214958 0.353670 0.068674