0 0.287921 0.104892 0.103875 0.034807
0 0.392415 0.103010 0.063067 0.040452
2 0.478359 0.090781 0.054411 0.021637
2 0.481451 0.113358 0.070487 0.015992
1 0.590891 0.099247 0.123661 0.046096
1 0.728773 0.096896 0.102639 0.050800
3 0.509893 0.099247 0.545345 0.059266
0 0.728154 0.170743 0.118715 0.047977
0 0.290395 0.248354 0.093982 0.039511
0 0.394270 0.240828 0.059357 0.033866
2 0.492580 0.234243 0.070487 0.016933
2 0.498763 0.251176 0.090273 0.015052
1 0.616241 0.243650 0.100165 0.043274
1 0.740521 0.246472 0.086563 0.047037
3 0.519786 0.246002 0.535452 0.055503
0 0.408491 0.321731 0.157049 0.037629
0 0.405399 0.358420 0.111295 0.039511
5 0.553793 0.313264 0.034625 0.016933
5 0.553174 0.353716 0.035862 0.016933
0 0.695384 0.334431 0.189201 0.096896