0 0.146325 0.155999 0.119423 0.061178
0 0.255249 0.149480 0.077428 0.032093
5 0.251312 0.172046 0.082677 0.015044
2 0.345801 0.129924 0.095801 0.035102
2 0.336614 0.162518 0.085302 0.026076
1 0.440945 0.156501 0.083990 0.066193
3 0.279528 0.149982 0.417323 0.079230
4 0.290682 0.256291 0.379265 0.121353
0 0.162730 0.423778 0.125984 0.055160
0 0.288714 0.424781 0.118110 0.051149
0 0.417979 0.425784 0.119423 0.031090
0 0.150919 0.484455 0.131234 0.044128
0 0.296588 0.483452 0.128609 0.034099
0 0.576772 0.131929 0.095801 0.033096
0 0.682415 0.129924 0.070866 0.019055
5 0.676509 0.147976 0.087927 0.015044
2 0.773622 0.115381 0.103675 0.036105
2 0.769685 0.144466 0.095801 0.026076
1 0.857612 0.129422 0.061680 0.038111
3 0.709318 0.130425 0.355643 0.064187
0 0.618110 0.193609 0.123360 0.032093
0 0.801181 0.223195 0.103675 0.089260
0 0.603675 0.322985 0.123360 0.044128
4 0.625328 0.256793 0.156168 0.080233
0 0.727690 0.316466 0.114173 0.053155
0 0.833333 0.323487 0.094488 0.057166
5 0.793963 0.275848 0.055118 0.010029
5 0.601050 0.353073 0.055118 0.016047
5 0.729003 0.358087 0.053806 0.012035
5 0.832677 0.360093 0.056430 0.022064
0 0.573491 0.502507 0.062992 0.018053
0 0.655512 0.498997 0.032808 0.021061
5 0.651575 0.514542 0.059055 0.014041
5 0.734908 0.484956 0.112861 0.033096
5 0.728346 0.515545 0.091864 0.022064
1 0.842520 0.503009 0.102362 0.033096
3 0.712598 0.498997 0.354331 0.063184
0 0.590551 0.559172 0.136483 0.037108
0 0.729003 0.580735 0.101050 0.056163
0 0.830052 0.574216 0.095801 0.041120
0 0.578740 0.675009 0.104987 0.036105
0 0.696850 0.675009 0.118110 0.036105
0 0.822178 0.676012 0.135171 0.034099
4 0.606299 0.618846 0.149606 0.070204
5 0.737533 0.621854 0.081365 0.026076
5 0.827428 0.613330 0.090551 0.013038
5 0.578740 0.700583 0.091864 0.015044
5 0.698819 0.702088 0.072178 0.014041
5 0.828084 0.700583 0.073491 0.013038