0 0.249166 0.230480 0.262145 0.092192
0 0.455422 0.243180 0.134399 0.119473
0 0.707587 0.239417 0.367269 0.143932
0 0.229871 0.377705 0.218232 0.153340
0 0.445442 0.380997 0.180973 0.107244
0 0.710913 0.375823 0.331340 0.104421
0 0.286425 0.527752 0.339324 0.097836
0 0.651033 0.529163 0.379245 0.126999
0 0.181967 0.600659 0.117100 0.046096
0 0.267130 0.666040 0.300734 0.084666
0 0.569196 0.673565 0.292750 0.116651
0 0.798738 0.668862 0.163674 0.054563
0 0.274449 0.760113 0.376583 0.048918
0 0.637726 0.751176 0.347308 0.049859
0 0.231202 0.846660 0.239523 0.075259
0 0.481370 0.840546 0.170327 0.061148
0 0.724220 0.839605 0.190288 0.106303