0 0.249832 0.131703 0.093148 0.056444
0 0.394876 0.119003 0.146375 0.049859
2 0.535928 0.106303 0.053227 0.024459
2 0.536594 0.130762 0.115769 0.018815
1 0.675650 0.119944 0.151698 0.057385
3 0.483366 0.126999 0.557556 0.069614
0 0.315700 0.176388 0.059881 0.023518
0 0.426147 0.176858 0.102463 0.033866
2 0.538590 0.165569 0.079841 0.016933
2 0.535928 0.183443 0.117100 0.007526
1 0.638391 0.179210 0.079841 0.036689
3 0.479374 0.176388 0.405858 0.040452
0 0.298402 0.226246 0.105124 0.021637
0 0.425482 0.230009 0.106455 0.038570
2 0.539920 0.216839 0.055889 0.015992
2 0.535263 0.237065 0.113108 0.016933
1 0.641718 0.231891 0.086494 0.038570
3 0.467398 0.229069 0.429811 0.040452
0 0.331003 0.280339 0.093148 0.045155
0 0.442781 0.275635 0.069196 0.013170
2 0.538590 0.266698 0.050566 0.023518
2 0.536594 0.287865 0.107785 0.016933
1 0.643048 0.280809 0.099801 0.036689
3 0.489355 0.278457 0.396544 0.037629
0 0.438123 0.310442 0.171658 0.022578
0 0.354956 0.353716 0.226216 0.031985
2 0.535928 0.337723 0.058550 0.024459
2 0.535263 0.358420 0.107785 0.020696
1 0.631738 0.341957 0.077180 0.017874
3 0.452761 0.334431 0.427149 0.068674