0 0.265800 0.188147 0.122423 0.088429
0 0.388888 0.183913 0.118431 0.078081
0 0.513307 0.189087 0.122423 0.069614
0 0.651698 0.189087 0.122423 0.075259
0 0.269792 0.288335 0.106455 0.066792
0 0.381569 0.288805 0.101132 0.071496
0 0.514638 0.292098 0.127746 0.063029
0 0.668331 0.291157 0.142383 0.078081
0 0.291083 0.394167 0.191618 0.075259
0 0.519960 0.404986 0.266137 0.055503
0 0.725551 0.400753 0.137060 0.062088
0 0.288421 0.505644 0.143714 0.063029
0 0.469394 0.499059 0.119761 0.076199
0 0.617100 0.498589 0.114439 0.077140
0 0.735531 0.506585 0.093148 0.053622
0 0.279772 0.609595 0.134399 0.075259
0 0.413506 0.615240 0.125084 0.075259
0 0.562542 0.608184 0.133068 0.072437
0 0.714905 0.606773 0.137060 0.073377
0 0.482701 0.738006 0.199602 0.083725