0 0.248501 0.226717 0.178312 0.127940
0 0.413506 0.241298 0.157021 0.117592
0 0.575849 0.239887 0.143714 0.129821
0 0.744846 0.238006 0.165005 0.131703
0 0.212572 0.411571 0.114439 0.085607
0 0.331003 0.417686 0.082502 0.092192
0 0.466068 0.429445 0.153029 0.093133
0 0.648371 0.399341 0.190288 0.128881
0 0.793416 0.431797 0.094478 0.050800
0 0.224549 0.547977 0.162343 0.095014
0 0.420824 0.554563 0.099801 0.091251
0 0.585829 0.553622 0.166335 0.095014
0 0.760149 0.547977 0.184965 0.089370
0 0.545243 0.716369 0.300734 0.164628