0 0.300398 0.188147 0.090486 0.065851
0 0.432801 0.195673 0.115769 0.037629
2 0.537924 0.181562 0.059881 0.020696
2 0.544578 0.202728 0.110447 0.014111
1 0.657686 0.186736 0.105124 0.085607
3 0.482036 0.186736 0.459086 0.079962
0 0.295075 0.263405 0.135730 0.045155
0 0.436127 0.260113 0.111777 0.040452
2 0.546574 0.253998 0.042582 0.011289
2 0.542582 0.270461 0.111777 0.010348
1 0.659017 0.264346 0.107785 0.052681
3 0.474717 0.261994 0.487030 0.051740
0 0.295075 0.321731 0.135730 0.041392
0 0.437458 0.322672 0.119761 0.035748
2 0.553227 0.309501 0.050566 0.015052
2 0.553893 0.329727 0.102463 0.014111
1 0.661013 0.320320 0.109116 0.051740
3 0.470725 0.318909 0.489691 0.052681
0 0.372254 0.664628 0.130407 0.059266
0 0.493347 0.670273 0.077180 0.070555
0 0.668331 0.661336 0.083833 0.050800
0 0.571192 0.656632 0.081172 0.056444
2 0.628411 0.727187 0.142383 0.020696
0 0.358282 0.752117 0.153029 0.053622
0 0.627080 0.801035 0.182304 0.042333
0 0.487359 0.808090 0.075849 0.031985
2 0.637060 0.758231 0.133068 0.033866