3 0.175424 0.308564 0.154740 0.085642
0 0.352808 0.302897 0.207578 0.074307
4 0.566048 0.313602 0.211352 0.110831
0 0.767021 0.312972 0.194368 0.109572
4 0.276382 0.442065 0.228336 0.078086
4 0.622660 0.444584 0.143417 0.113350
5 0.267890 0.493073 0.064160 0.018892
0 0.499056 0.434509 0.130208 0.035264
6 0.480186 0.384761 0.802006 0.258186
6 0.487734 0.686398 0.866166 0.115869
5 0.836842 0.704030 0.050951 0.022670
0 0.536798 0.685139 0.250981 0.085642
3 0.178254 0.709068 0.164175 0.068010
2 0.371679 0.703401 0.109450 0.051637
4 0.735884 0.702771 0.132095 0.052897