1 0.237432 0.397985 0.136992 0.100756
1 0.388286 0.401763 0.109268 0.085642
1 0.567681 0.379723 0.229951 0.129723
1 0.804155 0.384131 0.177764 0.110831
1 0.829433 0.619647 0.136992 0.075567
1 0.658193 0.615869 0.127207 0.085642
1 0.475537 0.612091 0.172871 0.103275
1 0.265156 0.583123 0.205488 0.153652
1 0.359746 0.772670 0.212012 0.134761
1 0.583989 0.784005 0.177764 0.104534
1 0.754414 0.806675 0.136992 0.074307
1 0.809048 0.267003 0.132100 0.093199
1 0.813940 0.140428 0.151670 0.114610
1 0.667978 0.149874 0.081543 0.095718
1 0.523647 0.142317 0.145146 0.113350
1 0.363823 0.130982 0.122314 0.113350
1 0.226016 0.135390 0.133730 0.132242
1 0.230093 0.255038 0.145146 0.079345
1 0.434766 0.253149 0.136992 0.088161
1 0.620684 0.260076 0.153301 0.102015