3 0.228262 0.133501 0.347221 0.100756
0 0.489621 0.144207 0.183046 0.064232
4 0.701917 0.146096 0.233997 0.085642
5 0.863261 0.137280 0.077370 0.020151
6 0.523588 0.135390 0.817102 0.109572
0 0.308462 0.299118 0.250981 0.195214
4 0.601902 0.289673 0.317028 0.151134
5 0.810423 0.292821 0.073596 0.018892
0 0.249019 0.481738 0.173611 0.051637
4 0.529250 0.481738 0.352882 0.159950
6 0.516984 0.352015 0.818989 0.505038
3 0.235810 0.678212 0.226449 0.109572
2 0.492452 0.677582 0.162288 0.080605
0 0.740602 0.673174 0.296270 0.079345
4 0.265060 0.820529 0.232110 0.079345
5 0.271664 0.870277 0.075483 0.022670
4 0.689651 0.816121 0.288722 0.123426
0 0.461315 0.812972 0.137756 0.041562
6 0.507548 0.773929 0.751055 0.283375