3 0.175424 0.159950 0.124547 0.100756
2 0.345260 0.153652 0.124547 0.055416
0 0.528306 0.134761 0.188707 0.088161
4 0.709465 0.156171 0.162288 0.075567
5 0.827407 0.153023 0.073596 0.016373
1 0.515097 0.242443 0.203804 0.124685
6 0.498113 0.198992 0.739732 0.216625
3 0.491508 0.765743 0.771812 0.226700
1 0.523588 0.812343 0.171724 0.095718
0 0.522645 0.690806 0.215126 0.086902
4 0.745319 0.708438 0.256642 0.096977
5 0.740602 0.765743 0.066048 0.015113
3 0.162214 0.707179 0.162288 0.049118
2 0.346204 0.719773 0.145305 0.076826