4 0.727392 0.197733 0.190594 0.080605
5 0.853826 0.202141 0.054725 0.016373
0 0.540572 0.188287 0.213239 0.064232
2 0.353752 0.205919 0.179272 0.081864
3 0.175424 0.199622 0.135869 0.056675
6 0.484903 0.195844 0.852957 0.104534
6 0.503774 0.537154 0.811441 0.094458
6 0.491508 0.852645 0.805780 0.115869
5 0.832125 0.855164 0.033967 0.022670
5 0.755698 0.571788 0.066048 0.020151
2 0.414138 0.525819 0.130208 0.051637
0 0.574539 0.530856 0.171724 0.061713
0 0.532080 0.843829 0.188707 0.075567
3 0.216939 0.534635 0.215126 0.064232
3 0.182972 0.866499 0.150966 0.088161
2 0.351865 0.850756 0.152853 0.079345
4 0.739658 0.859572 0.196255 0.069270
4 0.775513 0.524559 0.237771 0.074307